a
b
c
d
113.3,180.2,179.8,120.6,180.1,239.4,181.6,180.0,180.0,181.4,180.0,181.4

113.3,180.2,179.8,120.6,180.1,239.4,181.6,180.0,180.0,181.4,180.0,181.4

113.3,180.2,179.8,120.6,180.1,239.4,196.1,180.0,180.0,194.3,180.0,194.3

113.3,180.2,179.8,120.6,180.1,239.4,196.1,180.0,180.0,194.3,180.0,194.3

113.3,180.2,179.8,120.6,180.1,239.4,222.2,180.1,180.1,217.6,180.0,217.6

113.3,180.2,179.8,120.6,180.1,239.4,233.8,180.1,180.2,227.9,180.1,227.9

0.1,239.4,248.6,180.2,180.2,241.2,180.1,241.2,113.3,180.2,179.8,120.6

180.1,257.8,113.3,180.2,179.8,120.6,180.1,239.4,271.0,180.2,180.3,261.1

52.2,113.3,180.2,179.8,120.6,180.1,239.4,264.3,180.2,180.2,255.2,180.1

80.3,267.3,180.1,267.3,113.3,180.2,179.8,120.6,180.1,239.4,279.4,180.2

9.8,120.6,180.1,239.4,277.9,180.2,180.3,267.3,180.1,267.3,113.3,180.2

0.6,180.1,239.4,279.4,180.2,180.3,268.6,180.1,268.6,113.3,180.2,179.8

7.9,113.3,180.2,179.8,120.6,180.1,239.4,277.6,180.2,180.3,267.0,180.1

262.4,113.3,180.2,179.8,120.6,180.1,239.4,269.0,180.2,180.3,259.3,180.1

113.3,180.2,179.8,120.6,180.1,239.4,254.2,180.2,180.2,246.1,180.1,246.1

120.6,180.1,239.4,263.2,180.2,180.2,254.1,180.1,254.1,113.3,180.2,179.8

180.1,180.1,225.2,180.1,225.2,113.3,180.2,179.8,120.6,180.1,239.4,224.0

113.3,180.2,179.8,120.6,180.1,239.4,230.7,180.1,180.1,225.2,180.1,225.2

113.3,180.2,179.8,120.6,180.1,239.4,187.5,180.0,180.0,186.6,180.0,186.6

80.1,239.4,187.5,180.0,180.0,186.6,180.0,186.6,113.3,180.2,179.8,120.6

113.3,171.7,166.2,179.8,202.1,180.1,180.0,181.9,183.1,193.6,185.1,193.7

0.2,179.8,202.1,180.1,180.0,186.1,189.8,222.8,195.9,222.8,113.3,171.7

113.3,171.7,166.2,179.8,202.1,180.1,180.0,184.5,187.2,211.4,191.7,211.4

244.8,204.1,244.8,113.3,171.7,166.2,179.8,202.1,180.1,180.0,189.9,195.9

241.0,113.3,171.7,166.2,179.8,202.1,180.1,180.0,189.3,194.9,244.8,204.1

113.3,171.7,166.2,179.8,202.1,180.1,180.0,191.8,199.1,262.9,210.9,263.0

113.3,171.7,166.2,179.8,202.1,180.1,180.0,191.8,199.1,262.9,210.9,263.0

80.1,192.6,200.2,268.1,212.8,268.1,113.3,171.7,166.2,179.8,202.1,180.1

8.9,113.3,171.7,166.2,179.8,202.1,180.1,180.1,192.7,200.4,268.8,213.0

212.7,267.8,113.3,171.7,166.2,179.8,202.1,180.1,180.0,192.3,199.9,266.3

113.3,171.7,166.2,179.8,202.1,180.1,180.0,191.2,198.0,258.2,209.1,258.2

179.8,202.1,180.1,180.0,191.7,198.8,261.7,210.4,261.7,113.3,171.7,166.2

0.0,189.0,194.5,242.9,203.4,243.0,113.3,171.7,166.2,179.8,202.1,180.1

113.3,171.7,166.2,179.8,202.1,180.1,180.0,188.3,193.4,238.3,201.7,238.4

113.3,171.7,166.2,179.8,202.1,180.1,180.0,184.6,187.4,212.3,192.0,212.3

179.8,202.1,180.1,180.0,183.8,186.1,206.5,189.8,206.5,113.3,171.7,166.2

113.3,171.7,166.2,179.8,202.1,180.1,180.0,180.3,180.5,182.1,180.8,182.1

2.9,187.7,242.9,180.0,180.0,180.0,360.0,180.0,0.0,211.8,184.0,186.6

180.0,180.0,180.0,360.0,180.0,0.0,194.3,181.8,183.0,218.5,184.7,218.5

180.0,180.0,180.0,360.0,180.0,0.0,238.8,187.3,192.2,338.9,199.5,338.8

180.0,180.0,180.0,360.0,180.0,0.0,238.8,187.3,192.2,338.9,199.5,338.8

89.9,196.5,395.5,206.4,395.5,180.0,180.0,180.0,360.0,180.0,0.0,264.0

180.0,180.0,180.0,360.0,180.0,0.0,266.7,190.8,198.0,414.4,208.8,414.4

433.9,180.0,180.0,180.0,360.0,180.0,0.0,276.2,192.0,199.9,439.9,211.9

180.0,180.0,180.0,360.0,180.0,0.0,280.0,192.4,200.7,450.2,213.1,450.1

180.0,180.0,180.0,360.0,180.0,0.0,279.3,192.4,200.6,448.2,212.9,448.2

180.0,180.0,180.0,360.0,180.0,0.0,274.8,191.8,199.6,436.2,211.4,436.2

0.1,200.1,442.8,212.2,442.8,180.0,180.0,180.0,360.0,180.0,0.0,274.8

180.0,180.0,180.0,360.0,180.0,0.0,261.2,190.1,196.8,399.3,206.9,399.3

9.3,180.0,180.0,180.0,360.0,180.0,0.0,257.7,189.7,196.1,390.0,205.8

180.0,180.0,180.0,360.0,180.0,0.0,238.8,187.3,192.2,338.9,199.5,338.8

180.0,180.0,180.0,360.0,180.0,0.0,211.8,184.0,186.6,265.9,190.5,265.9

196.3,312.5,180.0,180.0,180.0,360.0,180.0,0.0,223.7,185.4,189.1,298.2

ERROR: Expected 12 values, got 3

113.3,180.2,179.8,120.6,180.1,239.4,180.0,180.0,180.0,180.0,180.0,180.0

180.0,180.0,180.0,360.0,180.0,0.0,182.0,180.3,180.4,185.4,180.7,185.4

113.3,180.2,179.8,120.6,180.1,239.4,180.0,180.0,180.0,180.0,180.0,180.0

113.3,180.2,179.8,120.6,180.1,239.4,194.6,180.0,180.0,232.5,180.0,232.5

113.3,180.2,179.8,120.6,180.1,239.4,194.6,180.0,180.0,232.5,180.0,232.5

113.3,180.2,179.8,120.6,180.1,239.4,221.0,180.1,180.1,327.3,180.0,327.3

113.3,180.2,179.8,120.6,180.1,239.4,232.4,180.1,180.1,368.1,180.1,368.1

39.4,247.7,180.2,180.2,423.3,180.1,423.3,113.3,180.2,179.8,120.6,180.1

90.5,113.3,180.2,179.8,120.6,180.1,239.4,270.3,180.2,180.3,504.2,180.1

113.3,180.2,179.8,120.6,180.1,239.4,263.5,180.2,180.2,479.9,180.1,479.9

530.4,113.3,180.2,179.8,120.6,180.1,239.4,279.2,180.2,180.3,536.3,180.1

180.1,239.4,277.6,180.2,180.3,530.4,180.1,530.4,113.3,180.2,179.8,120.6

180.1,239.4,279.5,180.2,180.3,537.4,180.1,537.4,113.3,180.2,179.8,120.6

180.3,534.4,180.1,534.4,113.3,180.2,179.8,120.6,180.1,239.4,277.6,180.2

180.3,512.5,180.1,512.5,113.3,180.2,179.8,120.6,180.1,239.4,269.7,180.2

113.3,180.2,179.8,120.6,180.1,239.4,255.0,180.2,180.2,449.3,180.1,449.3

80.1,239.4,264.1,180.2,180.2,482.2,180.1,482.2,113.3,180.2,179.8,120.6

0.1,180.1,366.1,180.1,366.1,113.3,180.2,179.8,120.6,180.1,239.4,224.3

113.3,180.2,179.8,120.6,180.1,239.4,231.8,180.1,180.1,366.1,180.1,366.1

6.9,180.0,246.9,113.3,180.2,179.8,120.6,180.1,239.4,188.2,180.0,180.0

180.2,179.8,120.6,180.1,239.4,188.2,180.0,180.0,209.5,180.0,209.5,113.3

113.3,171.7,166.2,179.8,202.1,180.1,180.0,181.9,183.1,193.3,185.0,193.3

0.7,166.2,179.8,202.1,180.1,180.0,186.1,189.8,222.8,195.9,222.8,113.3

113.3,171.7,166.2,179.8,202.1,180.1,180.0,184.5,187.2,211.4,191.7,211.4

204.0,244.4,113.3,171.7,166.2,179.8,202.1,180.1,180.0,189.9,196.0,249.5

113.3,171.7,166.2,179.8,202.1,180.1,180.0,189.2,194.8,244.4,204.0,244.4

209.9,260.3,113.3,171.7,166.2,179.8,202.1,180.1,180.0,191.9,199.1,263.1

113.3,171.7,166.2,179.8,202.1,180.1,180.0,191.9,199.1,263.1,210.9,263.1

0.0,192.6,200.2,268.0,212.8,268.0,113.3,171.7,166.2,179.8,202.1,180.1

113.3,171.7,166.2,179.8,202.1,180.1,180.0,192.3,199.9,266.4,212.2,266.4

113.3,171.7,166.2,179.8,202.1,180.1,180.0,192.7,200.4,268.7,213.0,268.8

59.8,113.3,171.7,166.2,179.8,202.1,180.1,180.0,190.9,197.5,256.3,208.4

0.1,180.0,191.7,198.8,261.8,210.5,261.9,113.3,171.7,166.2,179.8,202.1

203.7,243.7,113.3,171.7,166.2,179.8,202.1,180.1,180.0,188.3,193.3,237.9

113.3,171.7,166.2,179.8,202.1,180.1,180.0,188.3,193.3,237.9,201.6,237.9

0.1,219.4,194.7,219.4,113.3,171.7,166.2,179.8,202.1,180.1,180.0,184.7

0.0,183.9,186.2,207.0,190.1,207.0,113.3,171.7,166.2,179.8,202.1,180.1

113.3,171.7,166.2,179.8,202.1,180.1,180.0,180.2,180.3,181.4,180.5,181.4

180.0,180.0,180.0,360.0,180.0,0.0,205.0,183.1,185.2,247.6,188.3,247.6

0.0,360.0,180.0,0.0,194.3,181.8,183.0,218.5,184.7,218.5,180.0,180.0

180.0,180.0,180.0,360.0,180.0,0.0,241.3,187.6,192.7,345.7,200.3,345.7

180.0,180.0,180.0,360.0,180.0,0.0,241.3,187.6,192.7,345.7,200.3,345.7

180.0,180.0,180.0,360.0,180.0,0.0,260.8,190.1,196.7,398.4,206.8,398.4

180.0,180.0,180.0,360.0,180.0,0.0,266.7,190.8,198.0,414.4,208.8,414.4

60.0,180.0,0.0,274.0,191.7,199.5,434.1,211.2,434.1,180.0,180.0,180.0

2.4,200.7,449.8,213.1,449.8,180.0,180.0,180.0,360.0,180.0,0.0,280.0

180.0,180.0,180.0,360.0,180.0,0.0,279.1,192.3,200.5,447.9,212.9,447.8

180.0,180.0,180.0,360.0,180.0,0.0,276.2,192.0,199.9,440.1,211.9,440.1

180.0,180.0,180.0,360.0,180.0,0.0,276.2,192.0,199.9,440.1,211.9,440.1

360.0,180.0,0.0,265.1,190.6,197.6,410.0,208.2,410.0,180.0,180.0,180.0

180.0,180.0,180.0,360.0,180.0,0.0,258.5,189.8,196.3,392.1,206.0,392.0

0.1,193.5,356.2,201.6,356.2,180.0,180.0,180.0,360.0,180.0,0.0,239.0

