a
b
c
d
1296,2160,1494,3384,2034,3330,1801,1801,1801,1803,1800,1803
1296,2160,1494,3384,2034,3330,1806,1805,1804,1820,1803,1819
1296,2160,1494,3384,2034,3330,1812,1808,1807,1837,1805,1835
1296,2160,1494,3384,2034,3330,1817,1812,1810,1854,1808,1852
1296,2160,1494,3384,2034,3330,1822,1816,1814,1870,1810,1868
1296,2160,1494,3384,2034,3330,1828,1820,1817,1887,1813,1884
1296,2160,1494,3384,2034,3330,1833,1824,1820,1904,1815,1901
1296,2160,1494,3384,2034,3330,1838,1827,1823,1921,1818,1917
1296,2160,1494,3384,2034,3330,1844,1831,1827,1938,1820,1933
1296,2160,1494,3384,2034,3330,1849,1835,1830,1953,1823,1948
1296,2160,1494,3384,2034,3330,1856,1840,1834,1976,1826,1970
1296,2160,1494,3384,2034,3330,1864,1845,1839,2000,1830,1993
1296,2160,1494,3384,2034,3330,1870,1850,1843,2021,1833,2013
1296,2160,1494,3384,2034,3330,1877,1855,1847,2043,1836,2035
1296,2160,1494,3384,2034,3330,1884,1860,1851,2064,1839,2055
1296,2160,1494,3384,2034,3330,1890,1865,1855,2084,1842,2075
1296,2160,1494,3384,2034,3330,1897,1869,1859,2105,1845,2095
1296,2160,1494,3384,2034,3330,1904,1874,1863,2127,1848,2116
1296,2160,1494,3384,2034,3330,1908,1877,1866,2141,1850,2129
1296,2160,1494,3384,2034,3330,1913,1881,1868,2154,1852,2142
1296,2160,1494,3384,2034,3330,1917,1883,1871,2167,1854,2154
1296,2160,1494,3384,2034,3330,1921,1886,1873,2180,1856,2167
1296,2160,1494,3384,2034,3330,1925,1889,1876,2192,1858,2179
1296,2160,1494,3384,2034,3330,1929,1892,1878,2205,1860,2192
1296,2160,1494,3384,2034,3330,1935,1896,1882,2223,1862,2208
1296,2160,1494,3384,2034,3330,1940,1900,1885,2241,1865,2226
1296,2160,1494,3384,2034,3330,1946,1904,1888,2258,1868,2242
1296,2160,1494,3384,2034,3330,1951,1908,1892,2274,1870,2258
1296,2160,1494,3384,2034,3330,1955,1911,1894,2286,1872,2270
1296,2160,1494,3384,2034,3330,1958,1913,1896,2297,1873,2280
1296,2160,1494,3384,2034,3330,1962,1915,1898,2308,1875,2291
1296,2160,1494,3384,2034,3330,1965,1918,1900,2318,1877,2301
1296,2160,1494,3384,2034,3330,1968,1920,1902,2328,1878,2310
1296,2160,1494,3384,2034,3330,1971,1922,1904,2339,1880,2321
1296,2160,1494,3384,2034,3330,1974,1925,1906,2348,1881,2330
1296,2160,1494,3384,2034,3330,1979,1928,1909,2363,1883,2344
1296,2160,1494,3384,2034,3330,1983,1931,1911,2375,1885,2355
1296,2160,1494,3384,2034,3330,1986,1933,1913,2385,1886,2365
1296,2160,1494,3384,2034,3330,1989,1935,1915,2395,1888,2375
1296,2160,1494,3384,2034,3330,1992,1937,1917,2404,1889,2384
1296,2160,1494,3384,2034,3330,1995,1939,1918,2412,1890,2391
1296,2160,1494,3384,2034,3330,1997,1941,1920,2420,1892,2399
1296,2160,1494,3384,2034,3330,2000,1943,1921,2428,1893,2406
1296,2160,1494,3384,2034,3330,2002,1944,1923,2435,1894,2414
1296,2160,1494,3384,2034,3330,2005,1947,1925,2445,1895,2423
1296,2160,1494,3384,2034,3330,2009,1949,1927,2456,1897,2434
1296,2160,1494,3384,2034,3330,2012,1951,1929,2466,1898,2443
1296,2160,1494,3384,2034,3330,2014,1953,1930,2473,1899,2450
1296,2160,1494,3384,2034,3330,2017,1955,1932,2483,1901,2460
1296,2160,1494,3384,2034,3330,2020,1957,1933,2490,1902,2467
1296,2160,1494,3384,2034,3330,2022,1959,1935,2498,1903,2474
1296,2160,1494,3384,2034,3330,2024,1960,1936,2505,1904,2481
1296,2160,1494,3384,2034,3330,2026,1962,1937,2511,1905,2487
1296,2160,1494,3384,2034,3330,2028,1963,1939,2517,1906,2493
1296,2160,1494,3384,2034,3330,2030,1964,1940,2523,1907,2498
1296,2160,1494,3384,2034,3330,2032,1966,1941,2529,1908,2504
1296,2160,1494,3384,2034,3330,2034,1967,1942,2535,1909,2510
1296,2160,1494,3384,2034,3330,2036,1969,1944,2543,1910,2518
1296,2160,1494,3384,2034,3330,2038,1970,1944,2548,1910,2522
1296,2160,1494,3384,2034,3330,2040,1971,1945,2553,1911,2527
1296,2160,1494,3384,2034,3330,2041,1972,1946,2557,1912,2531
1296,2160,1494,3384,2034,3330,2042,1973,1947,2561,1912,2535
1296,2160,1494,3384,2034,3330,2044,1974,1948,2566,1913,2540
1296,2160,1494,3384,2034,3330,2045,1975,1949,2569,1914,2543
1296,2160,1494,3384,2034,3330,2046,1976,1949,2573,1914,2546
1296,2160,1494,3384,2034,3330,2047,1976,1950,2576,1915,2549
1296,2160,1494,3384,2034,3330,2048,1977,1950,2578,1915,2552
1296,2160,1494,3384,2034,3330,2048,1977,1951,2580,1915,2554
1296,2160,1494,3384,2034,3330,2049,1978,1951,2582,1916,2556
1296,2160,1494,3384,2034,3330,2049,1978,1951,2584,1916,2557
1296,2160,1494,3384,2034,3330,2050,1979,1952,2586,1916,2559
1296,2160,1494,3384,2034,3330,2050,1979,1952,2587,1916,2560
1296,2160,1494,3384,2034,3330,2051,1979,1952,2588,1916,2562
1296,2160,1494,3384,2034,3330,2051,1979,1953,2590,1917,2563
1296,2160,1494,3384,2034,3330,2052,1980,1953,2591,1917,2564
1296,2160,1494,3384,2034,3330,2052,1980,1953,2592,1917,2565
1296,2160,1494,3384,2034,3330,2052,1980,1953,2592,1917,2565
1296,2160,1494,3384,2034,3330,2052,1980,1953,2592,1917,2565
1296,2160,1494,3384,2034,3330,2052,1980,1953,2592,1917,2565
1296,2160,1494,3384,2034,3330,2052,1980,1953,2591,1917,2564
1296,2160,1494,3384,2034,3330,2052,1980,1953,2590,1917,2564
1296,2160,1494,3384,2034,3330,2051,1979,1953,2590,1917,2563
1296,2160,1494,3384,2034,3330,2051,1979,1952,2588,1916,2561
1296,2160,1494,3384,2034,3330,2050,1979,1952,2587,1916,2560
1296,2160,1494,3384,2034,3330,2050,1979,1952,2586,1916,2559
1296,2160,1494,3384,2034,3330,2049,1978,1951,2584,1916,2557
1296,2160,1494,3384,2034,3330,2049,1978,1951,2582,1915,2555
1296,2160,1494,3384,2034,3330,2048,1977,1950,2579,1915,2552
1296,2160,1494,3384,2034,3330,2047,1976,1950,2576,1915,2549
1296,2160,1494,3384,2034,3330,2046,1976,1949,2572,1914,2546
1296,2160,1494,3384,2034,3330,2045,1975,1949,2569,1914,2543
1296,2160,1494,3384,2034,3330,2043,1974,1948,2565,1913,2539
1296,2160,1494,3384,2034,3330,2042,1973,1947,2561,1912,2535
1296,2160,1494,3384,2034,3330,2040,1971,1946,2554,1911,2529
1296,2160,1494,3384,2034,3330,2039,1970,1945,2550,1911,2524
1296,2160,1494,3384,2034,3330,2037,1969,1944,2545,1910,2520
1296,2160,1494,3384,2034,3330,2035,1968,1943,2539,1909,2514
1296,2160,1494,3384,2034,3330,2033,1966,1942,2533,1908,2508
1296,2160,1494,3384,2034,3330,2031,1965,1940,2526,1907,2501
1296,2160,1494,3384,2034,3330,2029,1964,1939,2521,1906,2496
1296,2160,1494,3384,2034,3330,2028,1963,1938,2516,1906,2491
1296,2160,1494,3384,2034,3330,2024,1960,1936,2505,1904,2481
1296,2160,1494,3384,2034,3330,2021,1958,1934,2495,1903,2471
1296,2160,1494,3384,2034,3330,2018,1956,1933,2486,1901,2463
1296,2160,1494,3384,2034,3330,2016,1954,1931,2478,1900,2455
1296,2160,1494,3384,2034,3330,2013,1952,1929,2470,1899,2447
1296,2160,1494,3384,2034,3330,2011,1951,1928,2463,1898,2440
1296,2160,1494,3384,2034,3330,2007,1948,1926,2452,1896,2430
1296,2160,1494,3384,2034,3330,2005,1946,1924,2444,1895,2422
1296,2160,1494,3384,2034,3330,2002,1944,1922,2434,1894,2412
1296,2160,1494,3384,2034,3330,1998,1941,1920,2422,1892,2401
1296,2160,1494,3384,2034,3330,1995,1939,1918,2413,1890,2392
1296,2160,1494,3384,2034,3330,1991,1937,1916,2401,1889,2380
1296,2160,1494,3384,2034,3330,1987,1934,1914,2388,1887,2368
1296,2160,1494,3384,2034,3330,1982,1930,1911,2373,1885,2354
1296,2160,1494,3384,2034,3330,1978,1927,1908,2360,1883,2341
1296,2160,1494,3384,2034,3330,1974,1924,1906,2347,1881,2328
1296,2160,1494,3384,2034,3330,1971,1922,1904,2337,1879,2319
1296,2160,1494,3384,2034,3330,1968,1920,1902,2327,1878,2309
1296,2160,1494,3384,2034,3330,1963,1916,1899,2312,1876,2294
1296,2160,1494,3384,2034,3330,1959,1914,1897,2301,1874,2283
1296,2160,1494,3384,2034,3330,1955,1911,1894,2286,1872,2270
1296,2160,1494,3384,2034,3330,1951,1908,1892,2274,1870,2258
1296,2160,1494,3384,2034,3330,1946,1904,1888,2257,1868,2242
1296,2160,1494,3384,2034,3330,1940,1900,1885,2241,1865,2226
1296,2160,1494,3384,2034,3330,1934,1895,1881,2220,1862,2206
1296,2160,1494,3384,2034,3330,1929,1892,1878,2205,1860,2191
1296,2160,1494,3384,2034,3330,1923,1888,1875,2187,1857,2174
1296,2160,1494,3384,2034,3330,1918,1884,1872,2171,1855,2158
1296,2160,1494,3384,2034,3330,1912,1880,1868,2152,1852,2140
1296,2160,1494,3384,2034,3330,1908,1877,1866,2139,1850,2128
1296,2160,1494,3384,2034,3330,1904,1874,1863,2126,1848,2115
1296,2160,1494,3384,2034,3330,1899,1870,1860,2110,1846,2100
1296,2160,1494,3384,2034,3330,1892,1865,1856,2088,1842,2078
1296,2160,1494,3384,2034,3330,1886,1862,1852,2072,1840,2062
1296,2160,1494,3384,2034,3330,1879,1856,1848,2048,1837,2040
1296,2160,1494,3384,2034,3330,1873,1852,1844,2029,1834,2021
1296,2160,1494,3384,2034,3330,1866,1847,1840,2006,1830,1999
1296,2160,1494,3384,2034,3330,1860,1843,1836,1988,1828,1982
1296,2160,1494,3384,2034,3330,1852,1837,1832,1965,1824,1959
1296,2160,1494,3384,2034,3330,1847,1834,1829,1948,1822,1943
1296,2160,1494,3384,2034,3330,1842,1830,1825,1931,1819,1927
1296,2160,1494,3384,2034,3330,1834,1825,1821,1908,1816,1904
1296,2160,1494,3384,2034,3330,1827,1820,1817,1886,1813,1883
1296,2160,1494,3384,2034,3330,1822,1816,1813,1869,1810,1867
1296,2160,1494,3384,2034,3330,1814,1810,1809,1845,1807,1843
1296,2160,1494,3384,2034,3330,1806,1804,1804,1819,1803,1818
1296,2160,1494,3384,2034,3330,1801,1800,1800,1802,1800,1802
2178,1548,2268,2106,2034,1944,1801,1800,1801,1801,1800,1801
2178,1548,2268,2106,2034,1944,1812,1808,1810,1817,1800,1818
2178,1548,2268,2106,2034,1944,1825,1817,1822,1836,1800,1839
2178,1548,2268,2106,2034,1944,1835,1824,1831,1851,1800,1855
2178,1548,2268,2106,2034,1944,1845,1831,1839,1865,1800,1870
2178,1548,2268,2106,2034,1944,1854,1837,1847,1878,1800,1884
2178,1548,2268,2106,2034,1944,1865,1845,1857,1894,1800,1902
2178,1548,2268,2106,2034,1944,1876,1853,1867,1910,1800,1919
2178,1548,2268,2106,2034,1944,1886,1860,1875,1924,1800,1935
2178,1548,2268,2106,2034,1944,1898,1868,1886,1942,1800,1954
2178,1548,2268,2106,2034,1944,1907,1874,1894,1955,1800,1968
2178,1548,2268,2106,2034,1944,1919,1883,1905,1973,1800,1988
2178,1548,2268,2106,2034,1944,1931,1891,1915,1990,1800,2006
2178,1548,2268,2106,2034,1944,1944,1900,1926,2008,1800,2026
2178,1548,2268,2106,2034,1944,1955,1907,1936,2024,1800,2043
2178,1548,2268,2106,2034,1944,1965,1914,1945,2039,1800,2059
2178,1548,2268,2106,2034,1944,1976,1922,1954,2055,1800,2076
2178,1548,2268,2106,2034,1944,1984,1928,1962,2067,1800,2089
2178,1548,2268,2106,2034,1944,1994,1934,1970,2081,1800,2105
2178,1548,2268,2106,2034,1944,2003,1941,1978,2093,1800,2118
2178,1548,2268,2106,2034,1944,2010,1946,1984,2104,1800,2130
2178,1548,2268,2106,2034,1944,2020,1953,1993,2119,1800,2146
2178,1548,2268,2106,2034,1944,2027,1958,2000,2129,1800,2157
2178,1548,2268,2106,2034,1944,2037,1965,2008,2144,1800,2173
2178,1548,2268,2106,2034,1944,2047,1971,2017,2158,1800,2188
2178,1548,2268,2106,2034,1944,2056,1978,2025,2171,1800,2203
2178,1548,2268,2106,2034,1944,2063,1983,2031,2182,1800,2214
2178,1548,2268,2106,2034,1944,2072,1989,2039,2194,1800,2228
2178,1548,2268,2106,2034,1944,2080,1994,2046,2205,1800,2240
2178,1548,2268,2106,2034,1944,2086,1998,2051,2214,1800,2249
2178,1548,2268,2106,2034,1944,2092,2003,2057,2224,1800,2259
2178,1548,2268,2106,2034,1944,2098,2007,2061,2231,1800,2268
2178,1548,2268,2106,2034,1944,2107,2013,2070,2245,1800,2283
2178,1548,2268,2106,2034,1944,2115,2019,2076,2256,1800,2295
2178,1548,2268,2106,2034,1944,2123,2024,2083,2268,1800,2307
2178,1548,2268,2106,2034,1944,2130,2029,2089,2278,1800,2318
2178,1548,2268,2106,2034,1944,2135,2032,2094,2285,1800,2326
2178,1548,2268,2106,2034,1944,2141,2037,2100,2295,1800,2336
2178,1548,2268,2106,2034,1944,2148,2041,2105,2304,1800,2346
2178,1548,2268,2106,2034,1944,2152,2045,2109,2311,1800,2354
2178,1548,2268,2106,2034,1944,2158,2048,2114,2318,1800,2362
2178,1548,2268,2106,2034,1944,2162,2051,2117,2324,1800,2368
2178,1548,2268,2106,2034,1944,2168,2055,2123,2333,1800,2378
2178,1548,2268,2106,2034,1944,2173,2059,2127,2340,1800,2386
2178,1548,2268,2106,2034,1944,2179,2063,2133,2350,1800,2396
2178,1548,2268,2106,2034,1944,2184,2066,2137,2356,1800,2403
2178,1548,2268,2106,2034,1944,2190,2070,2142,2365,1800,2412
2178,1548,2268,2106,2034,1944,2194,2073,2146,2371,1800,2419
2178,1548,2268,2106,2034,1944,2197,2076,2149,2376,1800,2424
2178,1548,2268,2106,2034,1944,2200,2078,2151,2380,1800,2429
2178,1548,2268,2106,2034,1944,2203,2080,2154,2384,1800,2434
2178,1548,2268,2106,2034,1944,2206,2082,2156,2388,1800,2438
2178,1548,2268,2106,2034,1944,2209,2084,2159,2392,1800,2442
2178,1548,2268,2106,2034,1944,2213,2086,2162,2398,1800,2449
2178,1548,2268,2106,2034,1944,2216,2089,2165,2403,1800,2454
2178,1548,2268,2106,2034,1944,2219,2090,2167,2407,1800,2458
2178,1548,2268,2106,2034,1944,2221,2092,2169,2410,1800,2461
2178,1548,2268,2106,2034,1944,2223,2093,2171,2413,1800,2465
2178,1548,2268,2106,2034,1944,2225,2095,2173,2415,1800,2467
2178,1548,2268,2106,2034,1944,2227,2096,2174,2418,1800,2471
2178,1548,2268,2106,2034,1944,2228,2097,2176,2421,1800,2473
2178,1548,2268,2106,2034,1944,2231,2099,2178,2424,1800,2477
2178,1548,2268,2106,2034,1944,2233,2101,2180,2428,1800,2481
2178,1548,2268,2106,2034,1944,2235,2102,2182,2430,1800,2483
2178,1548,2268,2106,2034,1944,2236,2103,2183,2432,1800,2486
2178,1548,2268,2106,2034,1944,2237,2103,2184,2434,1800,2487
2178,1548,2268,2106,2034,1944,2239,2104,2185,2435,1800,2489
2178,1548,2268,2106,2034,1944,2239,2105,2186,2437,1800,2490
2178,1548,2268,2106,2034,1944,2240,2105,2186,2438,1800,2492
2178,1548,2268,2106,2034,1944,2241,2106,2187,2438,1800,2492
2178,1548,2268,2106,2034,1944,2241,2106,2187,2439,1800,2493
2178,1548,2268,2106,2034,1944,2241,2106,2187,2439,1800,2493
2178,1548,2268,2106,2034,1944,2241,2106,2187,2439,1800,2493
2178,1548,2268,2106,2034,1944,2240,2106,2187,2438,1800,2492
2178,1548,2268,2106,2034,1944,2240,2105,2186,2437,1800,2491
2178,1548,2268,2106,2034,1944,2239,2105,2185,2436,1800,2490
2178,1548,2268,2106,2034,1944,2238,2104,2185,2435,1800,2489
2178,1548,2268,2106,2034,1944,2237,2103,2183,2433,1800,2487
2178,1548,2268,2106,2034,1944,2236,2102,2182,2431,1800,2485
2178,1548,2268,2106,2034,1944,2235,2102,2181,2430,1800,2483
2178,1548,2268,2106,2034,1944,2233,2101,2180,2428,1800,2481
2178,1548,2268,2106,2034,1944,2232,2100,2179,2426,1800,2479
2178,1548,2268,2106,2034,1944,2231,2099,2178,2424,1800,2477
2178,1548,2268,2106,2034,1944,2228,2097,2176,2421,1800,2473
2178,1548,2268,2106,2034,1944,2226,2096,2174,2417,1800,2469
2178,1548,2268,2106,2034,1944,2224,2094,2172,2414,1800,2466
2178,1548,2268,2106,2034,1944,2222,2093,2170,2411,1800,2462
2178,1548,2268,2106,2034,1944,2219,2091,2168,2407,1800,2458
2178,1548,2268,2106,2034,1944,2216,2089,2165,2403,1800,2454
2178,1548,2268,2106,2034,1944,2213,2087,2163,2399,1800,2449
2178,1548,2268,2106,2034,1944,2210,2085,2160,2395,1800,2445
2178,1548,2268,2106,2034,1944,2208,2083,2158,2391,1800,2441
2178,1548,2268,2106,2034,1944,2205,2081,2155,2387,1800,2437
2178,1548,2268,2106,2034,1944,2202,2079,2153,2383,1800,2432
2178,1548,2268,2106,2034,1944,2199,2077,2150,2378,1800,2427
2178,1548,2268,2106,2034,1944,2196,2075,2148,2374,1800,2423
2178,1548,2268,2106,2034,1944,2193,2073,2145,2369,1800,2418
2178,1548,2268,2106,2034,1944,2190,2070,2142,2365,1800,2413
2178,1548,2268,2106,2034,1944,2186,2068,2139,2360,1800,2407
2178,1548,2268,2106,2034,1944,2182,2065,2135,2354,1800,2401
2178,1548,2268,2106,2034,1944,2177,2062,2131,2346,1800,2393
2178,1548,2268,2106,2034,1944,2172,2058,2126,2338,1800,2384
2178,1548,2268,2106,2034,1944,2168,2055,2123,2333,1800,2378
2178,1548,2268,2106,2034,1944,2163,2052,2118,2326,1800,2370
2178,1548,2268,2106,2034,1944,2156,2047,2112,2316,1800,2359
2178,1548,2268,2106,2034,1944,2150,2043,2107,2308,1800,2351
2178,1548,2268,2106,2034,1944,2146,2040,2104,2301,1800,2344
2178,1548,2268,2106,2034,1944,2141,2037,2099,2294,1800,2336
2178,1548,2268,2106,2034,1944,2134,2032,2093,2284,1800,2325
2178,1548,2268,2106,2034,1944,2129,2028,2089,2277,1800,2317
2178,1548,2268,2106,2034,1944,2123,2024,2083,2268,1800,2307
2178,1548,2268,2106,2034,1944,2117,2020,2078,2260,1800,2298
2178,1548,2268,2106,2034,1944,2112,2017,2074,2252,1800,2290
2178,1548,2268,2106,2034,1944,2107,2013,2069,2244,1800,2282
2178,1548,2268,2106,2034,1944,2097,2006,2061,2230,1800,2267
2178,1548,2268,2106,2034,1944,2089,2000,2054,2219,1800,2254
2178,1548,2268,2106,2034,1944,2083,1996,2048,2210,1800,2245
2178,1548,2268,2106,2034,1944,2074,1990,2041,2198,1800,2231
2178,1548,2268,2106,2034,1944,2066,1984,2033,2185,1800,2217
2178,1548,2268,2106,2034,1944,2059,1980,2027,2176,1800,2207
2178,1548,2268,2106,2034,1944,2050,1973,2019,2162,1800,2192
2178,1548,2268,2106,2034,1944,2041,1967,2011,2149,1800,2178
2178,1548,2268,2106,2034,1944,2034,1962,2005,2139,1800,2168
2178,1548,2268,2106,2034,1944,2027,1958,2000,2129,1800,2157
2178,1548,2268,2106,2034,1944,2020,1952,1993,2118,1800,2145
2178,1548,2268,2106,2034,1944,2012,1947,1986,2107,1800,2132
2178,1548,2268,2106,2034,1944,2002,1940,1977,2092,1800,2117
2178,1548,2268,2106,2034,1944,1992,1933,1969,2078,1800,2102
2178,1548,2268,2106,2034,1944,1984,1928,1962,2067,1800,2089
2178,1548,2268,2106,2034,1944,1975,1921,1954,2054,1800,2075
2178,1548,2268,2106,2034,1944,1967,1916,1946,2042,1800,2062
2178,1548,2268,2106,2034,1944,1957,1909,1938,2028,1800,2047
2178,1548,2268,2106,2034,1944,1948,1903,1930,2014,1800,2032
2178,1548,2268,2106,2034,1944,1937,1895,1920,1999,1800,2016
2178,1548,2268,2106,2034,1944,1929,1890,1913,1987,1800,2003
2178,1548,2268,2106,2034,1944,1921,1884,1906,1975,1800,1990
2178,1548,2268,2106,2034,1944,1913,1878,1899,1963,1800,1977
2178,1548,2268,2106,2034,1944,1904,1872,1891,1951,1800,1964
2178,1548,2268,2106,2034,1944,1892,1864,1880,1933,1800,1944
2178,1548,2268,2106,2034,1944,1878,1854,1869,1914,1800,1923
2178,1548,2268,2106,2034,1944,1869,1848,1860,1900,1800,1908
2178,1548,2268,2106,2034,1944,1858,1840,1851,1884,1800,1891
2178,1548,2268,2106,2034,1944,1845,1831,1839,1865,1800,1870
2178,1548,2268,2106,2034,1944,1831,1822,1827,1845,1800,1849
2178,1548,2268,2106,2034,1944,1821,1815,1819,1831,1800,1834
2178,1548,2268,2106,2034,1944,1808,1805,1807,1811,1800,1812
2178,1548,2268,2106,2034,1944,1806,1805,1806,1809,1800,1810
1800,1800,1800,3577,1800,23,1800,1800,1800,1801,1800,1801
1800,1800,1800,3577,1800,23,1804,1803,1805,1817,1803,1822
1800,1800,1800,3577,1800,23,1808,1806,1810,1833,1805,1843
1800,1800,1800,3577,1800,23,1813,1809,1817,1852,1808,1868
1800,1800,1800,3577,1800,23,1818,1812,1822,1870,1811,1891
1800,1800,1800,3577,1800,23,1823,1815,1828,1889,1814,1917
1800,1800,1800,3577,1800,23,1828,1819,1835,1908,1817,1942
1800,1800,1800,3577,1800,23,1833,1822,1841,1928,1820,1967
1800,1800,1800,3577,1800,23,1837,1825,1846,1943,1823,1987
1800,1800,1800,3577,1800,23,1842,1828,1852,1963,1826,2013
1800,1800,1800,3577,1800,23,1847,1832,1859,1984,1829,2040
1800,1800,1800,3577,1800,23,1851,1834,1864,2000,1832,2061
1800,1800,1800,3577,1800,23,1855,1837,1868,2014,1834,2080
1800,1800,1800,3577,1800,23,1860,1840,1874,2033,1837,2104
1800,1800,1800,3577,1800,23,1865,1843,1880,2051,1840,2128
1800,1800,1800,3577,1800,23,1868,1846,1885,2066,1842,2148
1800,1800,1800,3577,1800,23,1872,1848,1889,2080,1845,2166
1800,1800,1800,3577,1800,23,1877,1851,1895,2099,1848,2191
1800,1800,1800,3577,1800,23,1881,1854,1900,2115,1850,2211
1800,1800,1800,3577,1800,23,1885,1857,1906,2132,1853,2234
1800,1800,1800,3577,1800,23,1889,1859,1910,2147,1855,2253
1800,1800,1800,3577,1800,23,1894,1863,1917,2167,1858,2279
1800,1800,1800,3577,1800,23,1898,1866,1922,2183,1861,2300
1800,1800,1800,3577,1800,23,1902,1868,1926,2197,1863,2319
1800,1800,1800,3577,1800,23,1905,1870,1930,2209,1865,2334
1800,1800,1800,3577,1800,23,1909,1873,1935,2224,1867,2354
1800,1800,1800,3577,1800,23,1913,1875,1940,2240,1870,2375
1800,1800,1800,3577,1800,23,1917,1878,1945,2255,1872,2394
1800,1800,1800,3577,1800,23,1921,1881,1950,2270,1875,2414
1800,1800,1800,3577,1800,23,1924,1883,1953,2282,1877,2429
1800,1800,1800,3577,1800,23,1928,1886,1959,2300,1880,2453
1800,1800,1800,3577,1800,23,1931,1887,1962,2309,1881,2465
1800,1800,1800,3577,1800,23,1935,1890,1967,2324,1883,2484
1800,1800,1800,3577,1800,23,1937,1891,1969,2332,1885,2495
1800,1800,1800,3577,1800,23,1940,1893,1973,2343,1886,2509
1800,1800,1800,3577,1800,23,1942,1894,1975,2351,1888,2520
1800,1800,1800,3577,1800,23,1945,1896,1979,2363,1890,2535
1800,1800,1800,3577,1800,23,1948,1898,1983,2375,1891,2551
1800,1800,1800,3577,1800,23,1950,1900,1986,2386,1893,2565
1800,1800,1800,3577,1800,23,1953,1902,1989,2394,1895,2576
1800,1800,1800,3577,1800,23,1954,1903,1991,2401,1896,2585
1800,1800,1800,3577,1800,23,1957,1905,1994,2411,1897,2598
1800,1800,1800,3577,1800,23,1959,1906,1997,2418,1898,2607
1800,1800,1800,3577,1800,23,1961,1907,1999,2425,1900,2617
1800,1800,1800,3577,1800,23,1963,1908,2001,2432,1901,2626
1800,1800,1800,3577,1800,23,1964,1910,2004,2440,1902,2635
1800,1800,1800,3577,1800,23,1967,1911,2007,2450,1903,2649
1800,1800,1800,3577,1800,23,1969,1912,2009,2456,1904,2657
1800,1800,1800,3577,1800,23,1971,1914,2011,2464,1906,2667
1800,1800,1800,3577,1800,23,1972,1915,2014,2471,1907,2677
1800,1800,1800,3577,1800,23,1974,1916,2016,2478,1908,2686
1800,1800,1800,3577,1800,23,1976,1917,2017,2483,1909,2692
1800,1800,1800,3577,1800,23,1977,1918,2019,2488,1909,2699
1800,1800,1800,3577,1800,23,1978,1919,2020,2492,1910,2704
1800,1800,1800,3577,1800,23,1979,1919,2022,2496,1911,2710
1800,1800,1800,3577,1800,23,1980,1920,2023,2501,1912,2716
1800,1800,1800,3577,1800,23,1981,1921,2024,2505,1912,2721
1800,1800,1800,3577,1800,23,1982,1922,2026,2509,1913,2726
1800,1800,1800,3577,1800,23,1983,1922,2027,2513,1913,2731
1800,1800,1800,3577,1800,23,1984,1923,2028,2515,1914,2734
1800,1800,1800,3577,1800,23,1984,1923,2028,2518,1914,2737
1800,1800,1800,3577,1800,23,1985,1923,2029,2520,1915,2740
1800,1800,1800,3577,1800,23,1986,1924,2030,2523,1915,2744
1800,1800,1800,3577,1800,23,1987,1924,2031,2526,1915,2748
1800,1800,1800,3577,1800,23,1987,1925,2032,2528,1916,2751
1800,1800,1800,3577,1800,23,1988,1925,2032,2530,1916,2753
1800,1800,1800,3577,1800,23,1988,1925,2033,2532,1916,2755
1800,1800,1800,3577,1800,23,1988,1926,2033,2533,1917,2757
1800,1800,1800,3577,1800,23,1989,1926,2034,2534,1917,2759
1800,1800,1800,3577,1800,23,1989,1926,2034,2535,1917,2759
1800,1800,1800,3577,1800,23,1989,1926,2034,2535,1917,2760
1800,1800,1800,3577,1800,23,1989,1926,2034,2535,1917,2760
1800,1800,1800,3577,1800,23,1989,1926,2034,2535,1917,2760
1800,1800,1800,3577,1800,23,1989,1926,2034,2535,1917,2760
1800,1800,1800,3577,1800,23,1989,1926,2034,2534,1917,2759
1800,1800,1800,3577,1800,23,1989,1926,2033,2534,1917,2758
1800,1800,1800,3577,1800,23,1988,1925,2033,2532,1917,2757
1800,1800,1800,3577,1800,23,1988,1925,2033,2531,1916,2755
1800,1800,1800,3577,1800,23,1987,1925,2032,2529,1916,2752
1800,1800,1800,3577,1800,23,1987,1925,2031,2527,1916,2750
1800,1800,1800,3577,1800,23,1986,1924,2031,2525,1915,2747
1800,1800,1800,3577,1800,23,1986,1924,2030,2523,1915,2744
1800,1800,1800,3577,1800,23,1985,1923,2029,2520,1915,2740
1800,1800,1800,3577,1800,23,1984,1923,2028,2517,1914,2736
1800,1800,1800,3577,1800,23,1983,1922,2027,2513,1913,2732
1800,1800,1800,3577,1800,23,1982,1922,2026,2509,1913,2726
1800,1800,1800,3577,1800,23,1981,1921,2025,2506,1912,2722
1800,1800,1800,3577,1800,23,1980,1920,2023,2502,1912,2717
1800,1800,1800,3577,1800,23,1979,1920,2022,2498,1911,2711
1800,1800,1800,3577,1800,23,1978,1919,2021,2493,1910,2705
1800,1800,1800,3577,1800,23,1977,1918,2019,2487,1909,2697
1800,1800,1800,3577,1800,23,1975,1917,2017,2481,1908,2689
1800,1800,1800,3577,1800,23,1973,1915,2014,2474,1907,2680
1800,1800,1800,3577,1800,23,1972,1915,2013,2469,1906,2673
1800,1800,1800,3577,1800,23,1970,1913,2011,2462,1905,2665
1800,1800,1800,3577,1800,23,1969,1912,2009,2456,1904,2657
1800,1800,1800,3577,1800,23,1967,1911,2007,2450,1903,2648
1800,1800,1800,3577,1800,23,1965,1910,2004,2442,1902,2638
1800,1800,1800,3577,1800,23,1963,1909,2002,2436,1901,2630
1800,1800,1800,3577,1800,23,1962,1908,2000,2430,1900,2623
1800,1800,1800,3577,1800,23,1960,1907,1999,2424,1899,2615
1800,1800,1800,3577,1800,23,1959,1906,1996,2417,1898,2606
1800,1800,1800,3577,1800,23,1956,1904,1993,2408,1897,2594
1800,1800,1800,3577,1800,23,1953,1902,1990,2397,1895,2580
1800,1800,1800,3577,1800,23,1952,1901,1988,2390,1894,2570
1800,1800,1800,3577,1800,23,1949,1899,1984,2379,1892,2557
1800,1800,1800,3577,1800,23,1946,1897,1981,2368,1890,2542
1800,1800,1800,3577,1800,23,1943,1895,1977,2356,1889,2527
1800,1800,1800,3577,1800,23,1940,1893,1973,2343,1886,2509
1800,1800,1800,3577,1800,23,1937,1891,1970,2333,1885,2496
1800,1800,1800,3577,1800,23,1935,1890,1967,2324,1883,2484
1800,1800,1800,3577,1800,23,1932,1888,1963,2312,1881,2468
1800,1800,1800,3577,1800,23,1928,1885,1959,2299,1879,2451
1800,1800,1800,3577,1800,23,1925,1883,1954,2285,1877,2433
1800,1800,1800,3577,1800,23,1921,1881,1950,2270,1875,2414
1800,1800,1800,3577,1800,23,1918,1879,1947,2261,1873,2401
1800,1800,1800,3577,1800,23,1914,1876,1941,2243,1870,2378
1800,1800,1800,3577,1800,23,1911,1874,1937,2231,1869,2363
1800,1800,1800,3577,1800,23,1907,1872,1933,2218,1867,2346
1800,1800,1800,3577,1800,23,1905,1870,1930,2207,1865,2332
1800,1800,1800,3577,1800,23,1902,1868,1926,2196,1863,2317
1800,1800,1800,3577,1800,23,1899,1866,1923,2185,1861,2303
1800,1800,1800,3577,1800,23,1896,1864,1919,2174,1859,2288
1800,1800,1800,3577,1800,23,1893,1862,1915,2163,1858,2274
1800,1800,1800,3577,1800,23,1890,1860,1912,2151,1856,2259
1800,1800,1800,3577,1800,23,1887,1858,1908,2139,1854,2243
1800,1800,1800,3577,1800,23,1884,1856,1904,2128,1852,2228
1800,1800,1800,3577,1800,23,1881,1854,1900,2115,1850,2211
1800,1800,1800,3577,1800,23,1877,1852,1896,2101,1848,2193
1800,1800,1800,3577,1800,23,1873,1849,1891,2086,1845,2173
1800,1800,1800,3577,1800,23,1868,1845,1884,2065,1842,2146
1800,1800,1800,3577,1800,23,1863,1842,1878,2046,1839,2121
1800,1800,1800,3577,1800,23,1858,1838,1871,2025,1836,2093
1800,1800,1800,3577,1800,23,1854,1836,1867,2010,1833,2074
1800,1800,1800,3577,1800,23,1850,1833,1861,1993,1831,2052
1800,1800,1800,3577,1800,23,1845,1830,1856,1976,1828,2030
1800,1800,1800,3577,1800,23,1841,1827,1851,1960,1825,2009
1800,1800,1800,3577,1800,23,1836,1824,1844,1940,1822,1982
1800,1800,1800,3577,1800,23,1832,1821,1840,1925,1820,1963
1800,1800,1800,3577,1800,23,1825,1817,1831,1898,1816,1927
1800,1800,1800,3577,1800,23,1820,1813,1824,1876,1812,1900
1800,1800,1800,3577,1800,23,1816,1810,1819,1860,1810,1879
1800,1800,1800,3577,1800,23,1809,1806,1812,1837,1806,1848
1800,1800,1800,3577,1800,23,1804,1803,1805,1816,1802,1820
1800,1800,1800,3577,1800,23,1800,1800,1800,1801,1800,1801
