a
b
c
d
207.5,167.8,193.2,180.0,89.0,180.0,0.0,0.0,0.0,0.0,73.7,0.0

207.5,167.8,193.2,180.0,89.0,180.0,0.0,0.0,0.0,0.0,73.7,0.0

152.5,167.8,193.2,180.0,89.0,180.0,0.0,0.0,0.0,0.0,0.0,0.0

152.5,167.8,193.2,180.0,89.0,180.0,0.0,0.0,0.0,0.0,0.0,0.0

207.5,167.8,193.2,180.0,89.0,180.0,0.0,0.0,0.0,0.0,0.0,0.0

207.5,167.8,193.2,180.0,89.0,180.0,0.0,0.0,0.0,0.0,0.0,0.0

152.5,167.8,193.2,180.0,89.0,180.0,0.0,0.0,0.0,0.0,0.0,0.0

152.5,167.8,193.2,180.0,89.0,180.0,0.0,0.0,0.0,0.0,0.0,0.0

207.5,167.8,193.2,180.0,89.0,180.0,0.0,0.0,0.0,0.0,0.0,0.0

207.5,167.8,193.2,180.0,89.0,180.0,0.0,0.0,0.0,0.0,0.0,0.0

152.5,167.8,193.2,180.0,89.0,180.0,1.0,1.0,1.0,0.0,0.0,0.0

152.5,167.8,193.2,180.0,89.0,180.0,1.0,1.0,1.0,0.0,0.0,0.0

207.5,167.8,193.2,180.0,89.0,180.0,0.0,0.0,0.0,0.0,0.0,0.0

207.5,167.8,193.2,180.0,89.0,180.0,0.0,0.0,0.0,0.0,0.0,0.0

152.5,167.8,193.2,180.0,89.0,180.0,1.0,1.0,1.0,0.0,0.0,0.0

152.5,167.8,193.2,180.0,89.0,180.0,1.0,1.0,1.0,0.0,0.0,0.0

207.5,167.8,193.2,180.0,89.0,180.0,0.0,0.0,0.0,0.0,0.0,0.0

207.5,167.8,193.2,180.0,89.0,180.0,0.0,0.0,0.0,0.0,0.0,0.0

152.5,167.8,193.2,180.0,89.0,180.0,1.0,1.0,1.0,0.0,0.0,0.0

152.5,167.8,193.2,180.0,89.0,180.0,1.0,1.0,1.0,0.0,0.0,0.0

