a
b
c
d
180.0,180.0,180.0,180.0,90.0,180.0,0.0,0.0,1.0,0.0,90.0,0.0

180.0,180.0,180.0,180.0,90.0,180.0,0.0,0.0,1.0,0.0,90.0,0.0

180.0,180.0,180.0,180.0,90.0,180.0,0.0,0.0,0.0,0.0,90.0,0.0

180.0,180.0,180.0,180.0,90.0,180.0,0.0,0.0,0.0,0.0,90.0,0.0

180.0,180.0,180.0,180.0,90.0,180.0,1.0,1.0,0.0,0.0,90.0,0.0

180.0,180.0,180.0,180.0,90.0,180.0,1.0,1.0,0.0,0.0,90.0,0.0

180.0,180.0,180.0,180.0,90.0,180.0,0.0,0.0,0.0,0.0,90.0,0.0

180.0,180.0,180.0,180.0,90.0,180.0,0.0,0.0,0.0,0.0,90.0,0.0

180.0,180.0,180.0,180.0,90.0,180.0,1.0,1.0,1.0,0.0,90.0,0.0

180.0,180.0,180.0,180.0,90.0,180.0,1.0,1.0,1.0,0.0,90.0,0.0

180.0,180.0,180.0,180.0,90.0,180.0,0.0,0.0,0.0,0.0,90.0,0.0

180.0,180.0,180.0,180.0,90.0,180.0,0.0,0.0,0.0,0.0,90.0,0.0

180.0,180.0,180.0,180.0,90.0,180.0,0.0,0.0,1.0,0.0,90.0,0.0

180.0,180.0,180.0,180.0,90.0,180.0,0.0,0.0,1.0,0.0,90.0,0.0

