a
b
c
d
1800,1800,1800,1800,900,1800,0,0,0,0,0,0
1800,1783,1937,1800,780,1800,0,0,0,0,0,0
2699,1745,1977,1800,778,1800,0,0,0,0,0,0
2700,1693,2034,1800,772,1800,0,0,0,0,0,0
2700,1709,2016,1800,774,1800,0,0,0,0,0,0
2700,1730,1994,1800,776,1800,0,0,0,0,0,0
2708,1730,1994,1800,776,1800,0,0,0,3600,0,0
2717,1729,1994,1800,776,1800,0,0,0,3600,0,0
2717,1747,1862,1800,891,1800,0,0,0,3600,0,0
2717,1742,1792,1800,966,1800,0,0,0,0,0,0
2717,1742,1792,1800,966,1800,1,0,0,0,0,0
2717,1742,1792,1800,966,1800,1,0,0,0,0,0
